4001
8002
12004
16012
20014
24015
28017
32018
36020
42597
46598
50600
54601
58603
62604
66606
70607
74609
78610
82612
86613
90615
97192
101193
105195
109196
113198
117199
121201
125202
129204
133205
137207
141208
145210
151755
155757
159758
163760
167761
171763
175764
179766
183767
187769
191770
195772
199773
203775
207776
211778
215779
219781
223782
227784
231785
235787
239788
243790
247791
251793
255794
259796
263797
267799
271800
275802
279803
283805
287806
291808
295809
299811
303812
307814
311815
315817
319818
323820
327821
331823
335824
339826
343827
347828
351830
355831
359833
363834
367836
371837
375839
379840
383842
387843
391845
395846
399848
403849
407851
411852
415854
419855
423857
427858
431860
435861
439863
443864
447866
451867
455869
459870
463872
467873
471875
475876
479878
483879
489587
493589
497590
501592
505593
509595
513596
517598
521599
525601
529602
533604
537605
541607
545608
549610
553611
557613
561614
565616
569617
573619
577620
581622
585623
589625
593626
597628
601629
605630
609632
613633
617635
621636
625638
629639
633641
637642
641644
645645
649647
653648
657650
661651
665653
669654
673656
677657
681659
685660
689662
693663
697665
701666
705668
709669
713671
717672
721674
725675
729677
733678
737680
741681
745683
749684
753686
757687
761689
765690
771398
775400
779401
783403
787404
791406
795407
799409
803410
807412
811413
815415
819416
825124
829126
833127
837129
841130
845132
849133
853135
857136
861138
865139
869141
873142
877144
881145
885147
889148
893150
897151
901153
905154
909156
913157
917159
921160
925161
929163
933164
937166
941167
945169
949170
953172
957173
961175
965176
969178
973179
977181
981182
985184
989185
993187
997188
1001190
1005191
1010899
1014901
1018902
1022904
1026905
1030907
1034908
1038910
1042911
1049488
1053490
1057491
1061493
1065494
1072072
1076073
1080075
1084076
1088078
1092079
1096080
1100082
1104083
1108085
1112086
1116088
1120089
1124091
1128092
1132094
1136095
1140097
1144098
1148100
1152101
1156103
1160104
1164106
1168107
1172109
1176110
1180112
1184113
1188115
1192116
1197824
1201826
1205827
1209829
1213830
1217832
1221833
1225835
1229836
1233838
1237839
1241841
1245842
1249844
1255552
1259553
1263555
1267556
1274102
1278104
1282105
1286107
1290108
1294110
1298111
1302113
1306114
1310116
1314117
1318119
1322120
1328697
1332699
1336700
1340702
1344703
1348705
1352706
1356708
1360709
1364711
1368712
1372714
1376715
1380717
1384718
1388720
1392721
1396723
1400724
1404726
1408727
1414435
1418437
1422438
1426440
1430441
1434443
1438444
1442446
1446447
1450449
1454450
1458452
1462453
1466455
1470456
1474458
1478459
1482461
1486462
1493039
1497041
1501042
1505044
1509045
1513047
1517048
1521050
1525051
1529053
1533054
1539631
1543633
1547634
1551636
1555637
1559639
1563640
1567642
1574188
1578189
1582190
1586192
1590193
1594195
1598196
1602198
1606199
1610201
1614202
1618204
1622205
1626207
1630208
1634210
1638211
1642213
1646214
1652791
1656793
1662501
1666503
1670504
1674506
1678507
1682509
1689054
1693056
1697057
1701059
1705060
1709062
1713063
1717065
1721066
1725068
1729069
1733071
1737072
1741074
1747651
1751652
1755654
1759655
1763657
1767658
1774204
1778206
1782207
1786209
1790210
1794212
1798213
1802215
1806216
1810218
1814219
1818221
1822222
1826224
1830225
1834227
1838228
1842230
1846231
1850233
1854234
1858236
1863944
1867945
1871947
1875948
1879950
1883951
1887953
1891954
1895956
1899957
1903959
1907960
1911962
1915963
1919965
1923966
1927968
1931969
1935971
1939972
1946518
1950519
1954521
1958522
1962524
1966525
1970527
1974528
1978530
1982531
1986533
1990534
1994536
1998537
2002539
2006540
2010542
2014543
2018545
2022546
2026548
2030549
2034551
2038552
2042554
2046555
2050557
2054558
2058560
2062561
2066563
2070564
2074566
2078567
2082569
2086570
2090572
2094573
2098575
2102576
2106578
2110579
2114580
2118582
2122583
2126585
2130586
2134588
2140296
2144298
2152581
2156583
2160584
2167130
2171132
2175133
2179135
2183136
2187138
2191139
2195141
2199142
2205719
2209721
2213722
2217724
2221725
2225727
2229728
2233730
2237731
2241733
2245734
2249736
2253737
2257739
2261740
2265742
2269743
2273745
2277746
2281748
2285749
2289751
2293752
2297754
2301755
2305757
2309758
2313759
2317761
2321762
2325764
2329765
2333767
2337768
2343477
2347478
2351480
2355481
2361189
2365191
2369192
2373194
2377195
2381197
2385198
2389200
2393201
2397203
2402911
2406912
2410914
2414915
2421492
2425494
2429495
2433497
2437498
2441500
2445501
2449503
2453504
2457506
2461507
2465509
2469510
2473512
2477513
2481515
2485516
2489518
2493519
2497521
2501522
2505524
2509525
2513527
2517528
2521530
2525531
2529533
2533534
2537536
2541537
2545538
2549540
2553541
2559250
2564958
2570666
2574667
2578669
2582670
2586672
2590673
2594675
2598676
2602678
2606679
2610681
2614682
2621259
2625261
2629262
2633264
2637265
2641267
2645268
2649270
2653271
2657273
2661274
2665276
2669277
2673279
2677280
2681282
2685283
2689285
2693286
2697288
2701289
2705291
2709292
2713294
2717295
2721297
2725298
2729300
2733301
2737303
2741304
2745306
2749307
2753309
2757310
2761312
2765313
2769315
2773316
2777318
2781319
2787896
2794442
2798444
2802445
2806446
2810448
2814449
2818451
2822452
2826454
2830455
2834457
2838458
2842460
2846461
2850463
2856171
2860173
2864174
2868175
2872177
2876178
2880180
2884181
2888183
2892184
2896186
2900187
2904189
2908190
2912192
2916193
2920195
2924196
2928198
2932199
2936201
2942778
2946779
2950781
2954782
2963904
2967905
2974483
2978484
2982486
2986487
2990489
2994490
2998491
3002493
3006494
3010496
3014497
3018499
3022500
3026502
3030503
3034505
3038506
3042508
3046509
3050511
3054512
3058514
3062515
3066517
3070518
3074520
3078521
3082523
3089069
3095615
3099616
3103618
3107619
3111621
3115622
3119624
3123625
3127627
3131628
3135629
3139631
3143632
3147634
3151635
3155637
3159638
3163640
3170217
3174219
3178220
3182222
3186223
3190224
3194226
3198227
3202229
3206230
3210232
3214233
3218235
3222236
3226238
3230239
3234241
3238242
3242244
3246245
3250247
3254248
3258250
3262251
3266253
3270254
3274256
3278257
3283965
3287967
3291968
3295970
3299971
3303973
3307974
3311976
3315977
3319979
3323980
3327982
3331983
3335985
3339986
3343988
3347989
3351991
3355992
3359994
3363995
3367997
3371998
3376000
3380001
3384003
3388004
3392006
3396007
3400009
3404010
3408012
3412013
3416015
3420016
3424018
3428019
3432021
3436022
3440024
3446601
3450602
3456310
3460312
3464313
3468315
3472316
3476318
3480319
3486865
3490867
3494868
3498870
3505447
3509448
3513450
3517451
3521453
3525454
3529456
3533457
3537459
3541460
3545462
3549463
3555171
3561717
3565719
3569720
3573722
3577723
3581725
3585726
3589728
3593729
3597731
3601732
3605734
3609735
3613736
3617738
3621739
3625741
3629742
3633744
3637745
3641747
3645748
3649750
3653751
3657753
3661754
3665756
3669757
3673759
3677760
3681762
3685763
3689765
3693766
3697768
3701769
3705771
3709772
3716349
3720351
3724352
3728354
3732355
3736357
3740358
3746904
3750906
3757483
3761484
3765486
3769487
3773489
3777490
3781492
3788069
3792070
3796072
3800073
3806650
3810652
3814653
3818655
3822656
3826658
3830659
3834661
3838662
3842664
3846665
3850667
3854668
3858670
3862671
3866673
3870674
3874676
3878677
3882679
3886680
3890682
3894683
3901229
3905231
3909232
3913234
3917235
3922943
3926945
3930946
3934948
3938949
3942951
3946952
3950954
3954955
3958957
3962958
3966960
3970961
3974963
3978964
3982966
3986967
3990969
3994970
3998972
4002973
4006975
4010976
4014978
4018979
4022981
4026982
4030983
4034985
4038986
4042988
4046989
4050991
4054992
4058994
4062995
4066997
4070998
4075000
4079001
4083003
4087004
4091006
4095007
4099009
4103010
4107012
4111013
4115015
4119016
4123018
4127019
4131021
4135022
4139024
4143025
4147027
4151028
4155030
4159031
4163033
4167034
4171036
4175037
4180745
4184747
4188748
4192750
4196751
4200753
4204754
4208756
4212757
4216759
4220760
4224762
4228763
4232765
4236766
4240768
4244769
4248771
4252772
4256774
4260775
4264777
4268778
4272780
4276781
4280783
4284784
4288786
4292787
4296788
4300790
4304791
4308793
4312794
4316796
4320797
4324799
4328800
4332802
4336803
4340805
4344806
4348808
4352809
4356811
4360812
4364814
4368815
4372817
4376818
4380820
4384821
4388823
4392824
4396826
4400827
4404829
4408830
4412832
4416833
4420835
4424836
4428838
4432839
4436841
4440842
4444844
4448845
4452847
4456848
4460850
4464851
4468853
4472854
4476856
4480857
4484859
4488860
4492861
4496863
4500864
4504866
4508867
4512869
4516870
4520872
4524873
4528875
4532876
4536878
4543455
4547456
4551458
4555459
4559461
4563462
4567464
4571465
4575467
4579468
4583470
4587471
4591473
4595474
4599476
4603477
4607479
4611480
4618057
4622059
4626060
4630062
4634063
4638065
4642066
4646068
4650069
4654071
4658072
4663780
4667782
4671783
4675785
4682362
4686364
4690365
4694367
4698368
4702370
4706371
4710373
4714374
4718376
4722377
4726378
4730380
4734381
4738383
4742384
4746386
4750387
4754389
4758390
4762392
4766393
4770395
4774396
4778398
4782399
4786401
4790402
4794404
4798405
4802407
4806408
4810410
4814411
4818413
4822414
4826416
4830417
4836125
4840127
4844128
4848130
4852131
4856133
4860134
4864136
4868137
4872139
4876140
4880142
4884143
4888145
4892146
4896148
4900149
4904151
4908152
4912154
4916155
4920157
4924158
4928160
4932161
4936163
4940164
4944166
4948167
4952169
4956170
4960172
4964173
4968175
4972176
4976178
4980179
4984180
4988182
4992183
4996185
5000186
5004188
5008189
5012191
5016192
5020194
5024195
5028197
5032198
5036200
5040201
5044203
5048204
5052206
5056207
5060209
5064210
5068212
5072213
5076215
5080216
5084218
5088219
5094765
5098767
5102768
5106770
5110771
5114773
5118774
5122776
5126777
5130779
5136487
5140488
5144490
5148491
5155068
5159070
5163071
5167073
5171074
5175076
5179077
5183079
5187080
5193657
5197659
5201660
5205662
5209663
5213665
5217666
5221668
5225669
5229671
5233672
5237674
5241675
5245677
5249678
5253680
5257681
5261683
5265684
5269686
5273687
5277689
5281690
5285692
5289693
5293695
5297696
5301698
5305699
5309701
5313702
5317703
5321705
5325706
5329708
5333709
5337711
5341712
5348290
5352291
5356293
5360294
5364296
5368297
5372299
5376300
5380301
5384303
5388304
5394850
5398852
5402853
5406855
5410856
5414858
5421404
5425405
5429407
5433408
5437410
5441411
5445413
5449414
5453416
5457417
5461419
5465420
5469422
5475130
5479131
5483133
5487134
5491136
5495137
5499139
5503140
5507142
5511143
5515145
5519146
5523148
5527149
5531151
5535152
5539154
5543155
5547157
5551158
5555160
5559161
5563163
5567164
5573710
5577711
5581713
5585714
5589716
5593717
5597719
5601720
5605722
5609723
5613725
5617726
5621728
5625729
5629731
5633732
5637734
5641735
5645737
5649738
5653740
5657741
5661743
5665744
5669746
5673747
5677749
5681750
5685752
5689753
5693755
5697756
5701758
5705759
5709761
5713762
5717764
5723472
5727473
5731475
5735476
5739478
5743479
5747481
5751482
5755484
5759485
5763487
5767488
5771490
5775491
5779493
5783494
5787496
5791497
5795498
5799500
5803501
5807503
5811504
5815506
5819507
5823509
5827510
5831512
5835513
5839515
5843516
5847518
5851519
5855521
5859522
5863524
5867525
5871527
5875528
5879530
5883531
5887533
5891534
5895536
5899537
5903539
5910116
5914117
5918119
5922120
5926122
5930123
5936700
5940702
5944703
5948705
5952706
5956708
5963285
5967286
5971288
5975289
5979291
5983292
5987294
5991295
5995297
5999298
6003300
6007301
6013847
6017849
6021850
6025852
6029853
6033855
6037856
6041858
6045859
6049861
6053862
6057864
6064441
6068442
6072444
6076445
6080447
6084448
6088450
6092451
6096453
6100454
6107031
6111033
6115034
6119036
6123037
6127039
6131040
6136748
6140750
6144751
6148753
6152754
6156756
6160757
6164759
6168760
6172762
6176763
6180765
6184766
6188768
6192769
6196771
6200772
6204774
6208775
6212777
6216778
6220780
6224781
6228783
6232784
6236786
6240787
6244789
6248790
6252792
6256793
6260795
6264796
6268798
6272799
6276801
6280802
6284804
6288805
6292807
6296808
6300809
6304811
6308812
6312814
6316815
6320817
6324818
6328820
6332821
6336823
6340824
6344826
6348827
6352829
6356830
6360832
6364833
6368835
6372836
6376838
6380839
6384841
6388842
6395419
6399421
6403422
6407424
6411425
6415427
6419428
6423430
6427431
6433139
6439685
6443687
6447688
6453396
6457398
6461399
6465401
6469402
6473404
6477405
6481407
6485408
6489410
6495118
6501664
6505665
6509667
6513668
6517670
6524247
6528248
6532250
6536251
6540253
6544254
6548256
6554833
6558835
6562836
6566838
6570839
6574841
6578842
6582843
6586845
6590846
6594848
6598849
6602851
6606852
6610854
6614855
6618857
6622858
6626860
6630861
6634863
6638864
6642866
6646867
6650869
6654870
6658872
6662873
6666875
6670876
6674878
6678879
6682881
6686882
6690884
6694885
6698887
6702888
6706890
6710891
6714893
6718894
6722896
6726897
6730899
6734900
6738902
6742903
6746905
6753450
6757452
6761453
6765455
6769456
6773458
6779166
6783168
6787169
6791171
6795172
6799174
6803175
6807177
6811178
6815179
6819181
6823182
6828891
6832892
6836894
6840895
6844897
6848898
6852900
6856901
6860903
6864904
6868906
6872907
6876908
6880910
6884911
6890620
6894621
6898623
6902624
6906626
6910627
6914629
6918630
6922632
6926633
6930634
6934636
6941182
6945183
6949185
6953186
6957188
6961189
6965191
6969192
6973194
6977195
6983741
6987743
6991744
6995746
6999747
7005455
7009457
7013458
7017460
7024037
7028038
7032040
7036041
7040043
7044044
7048046
7052047
7056049
7062595
7066596
7070598
7074599
7078601
7085178
7089179
7093181
7097182
7101184
7105185
7110893
7117471
7121472
7125473
7129475
7133476
7137478
7141479
7145481
7149482
7156060
7160061
7164063
7168064
7172066
7176067
7180068
7184070
7188071
7192073
7196074
7202620
7206622
7210623
7214625
7218626
7222628
7226629
7230631
7234632
7238634
7245211
7249212
7253214
7257215
7261217
7265218
7269220
7273221
7277223
7281224
7285226
7289227
7293229
7297230
7301232
7305233
7309235
7313236
7319813
7323815
7327816
7331818
7338364
7342365
7346367
7350368
7354370
7358371
7362373
7366374
7370376
7374377
7378379
7382380
7386382
7390383
7394385
7398386
7402388
7406389
7410391
7414392
7418394
7422395
7426396
7430398
7434399
7438401
7444947
7448948
7452950
7456951
7460953
7464954
7468956
7472957
7476959
7480960
7484962
7488963
7492965
7496966
7500968
7504969
7510677
7514679
7518680
7522682
7526683
7530685
7534686
7538688
7542689
7546691
7550692
7554694
7558695
7562697
7566698
7570700
7574701
7578703
7582704
7586706
7590707
7594709
7598710
7602712
7606713
7610715
7614716
7618718
7622719
7626721
7630722
7634724
7638725
7642727
7646728
7650729
7654731
7658732
7662734
7666735
7670737
7674738
7681316
7685317
7691863
7695864
7699866
7703867
7707869
7711870
7715872
7719873
7723875
7727876
7731878
7735879
7739881
7743882
7747884
7751885
7755887
7759888
7763890
7767891
7771893
7775894
7779896
7783897
7787899
7791900
7795902
7799903
7803905
7807906
7811908
7815909
7819911
7823912
7827914
7831915
7835917
7839918
7843920
7847921
7851923
7855924
7859926
7863927
7867929
7871930
7878476
7882477
7886479
7890480
7894482
7898483
7905029
7909031
7913032
7917034
7922742
7926743
7930745
7934746
7938748
7942749
7946751
7950752
7954754
7958755
7962757
7966758
7970760
7974761
7978763
7982764
7986766
7993343
7997344
8001346
8007054
8011055
8015057
8020765
8024767
8028768
8032770
8036771
8040772
8044774
8048775
8052777
8056778
8060780
8064781
8068783
8072784
8076786
8080787
8084789
8088790
8092792
8096793
8100795
8104796
8108798
8114506
8118507
8122509
8126510
8130512
8134513
8138515
8142516
8146518
8150519
8154521
8158522
8162524
8166525
8170527
8174528
8178530
8182531
8186533
8190534
8194536
8198537
8202539
8206540
8210542
8214543
8218545
8222546
8226548
8230549
8234551
8238552
8242554
8246555
8250557
8254558
8258560
8262561
8266563
8270564
8274566
8278567
8282569
8286570
8290572
8294573
8298575
8302576
8306577
8310579
8314580
8318582
8322583
8326585
8330586
8334588
8338589
8342591
8346592
8353138
8357140
8361141
8365143
8369144
8373146
8377147
8381149
8385150
8389152
8393153
8397155
8401156
8407733
8411735
8415736
8419738
8423739
8427741
8431742
8435744
8439745
8443747
8447748
8453456
8457458
8461459
8465461
8469462
8473464
8477465
8481467
8485468
8489470
8493471
8497473
8501474
8505476
8512053
8516054
8520056
8524057
8528059
8533767
8537768
8541770
8545771
8549773
8553774
8557776
8561777
8565779
8569780
8573782
8577783
8581785
8585786
8589788
8593789
8597791
8601792
8605794
8609795
8613797
8617798
8621800
8625801
8629803
8633804
8637806
8641807
8645809
8649810
8653812
8657813
8661815
8665816
8669818
8673819
8677821
8681822
8685824
8689825
8693827
8697828
8701829
8705831
8709832
8713834
8717835
8721837
8725838
8729840
8733841
8737843
8741844
8745846
8749847
8753849
8757850
8761852
8765853
8769855
8773856
8777858
8781859
8785861
8789862
8793864
8797865
8801867
8805868
8809870
8813871
8817873
8821874
8825876
8829877
8833879
8837880
8841882
8845883
8849885
8853886
8857888
8861889
8865891
8869892
8873894
8877895
8881897
8885898
8889900
8893901
8897903
8901904
8905905
8909907
8913908
8917910
8921911
8925913
8929914
8933916
8937917
8941919
8945920
8949922
8953923
8957925
8961926
8965928
8969929
8973931
8977932
8981934
8985935
8989937
8993938
8997940
9001941
9005943
9009944
9013946
9017947
9021949
9028495
9032496
9036498
9040499
9044501
9048502
9052504
9056505
9060507
9064508
9068509
9072511
9076512
9080514
9084515
9088517
9092518
9096520
9100521
9104523
9108524
9115070
9119072
9123073
9127075
9131076
9135078
9139079
9143081
9147082
9151084
9155085
9159087
9163088
9167090
9173667
9177668
9184245
9188247
9192248
9196250
9200251
9204253
9208254
9212256
9216257
9220259
9224260
9228262
9232263
9236265
9240266
9244268
9248269
9252271
9256272
9260274
9264275
9268277
9272278
9276280
9280281
9284283
9288284
9292286
9296287
9300289
9304290
9308292
9312293
9320577
9324578
9328580
9332581
9336583
9340584
9344586
9348587
9352589
9356590
9360592
9364593
9368595
9372596
9376598
9383175
9387176
9391178
9395179
9399181
9403182
9407184
9411185
9415187
9419188
9423190
9427191
9431193
9435194
9441771
9445773
9449774
9453776
9457777
9461779
9465780
9469782
9473783
9477785
9481786
9485788
9489789
9496335
9500337
9506914
9510915
9514917
9518918
9522920
9526921
9530923
9534924
9538926
9542927
9546929
9550930
9554932
9558933
9562935
9566936
9570938
9574939
9578941
9582942
9586944
9590945
9594946
9598948
9602949
9606951
9610952
9614954
9618955
9622957
9626958
9630960
9634961
9638963
9642964
9646966
9650967
9654969
9658970
9662972
9669549
9673550
9677552
9681553
9685555
9692101
9696102
9700104
9704105
9708107
9712108
9716110
9720111
9728395
9732397
9736398
9740399
9744401
9748402
9752404
9756405
9760407
9764408
9768410
9772411
9778989
9782990
9786992
9790993
9794994
9798996
9802997
9806999
9811000
9815002
9819003
9823005
9827006
9831008
9835009
9839011
9843012
9847014
9851015
9855017
9859018
9863020
9867021
9872729
9878438
9882439
9886441
9890442
9894444
9898445
9902447
9906448
9910449
9914451
9918452
9922454
9926455
9930457
9934458
9938460
9942461
9946463
9950464
9954466
9958467
9962469
9966470
9970472
9974473
9978475
9982476
9986478
9990479
9994481
9998482
4001
8002
12004
16012
20014
24015
28017
32018
36020
42597
46598
50600
54601
58603
62604
66606
70607
74609
78610
82612
86613
90615
97192
101193
105195
109196
113198
117199
121201
125202
129204
133205
137207
141208
145210
151755
155757
159758
163760
167761
171763
175764
179766
183767
187769
191770
195772
199773
203775
207776
211778
215779
219781
223782
227784
231785
235787
239788
243790
247791
251793
255794
259796
263797
267799
271800
275802
279803
283805
287806
291808
295809
299811
303812
307814
311815
315817
319818
323820
327821
331823
335824
339826
343827
347828
351830
355831
359833
363834
367836
371837
375839
379840
383842
387843
391845
395846
399848
403849
407851
411852
415854
419855
423857
427858
431860
435861
439863
443864
447866
451867
455869
459870
463872
467873
471875
475876
479878
483879
489587
493589
497590
501592
505593
509595
513596
517598
521599
525601
529602
533604
537605
541607
545608
549610
553611
557613
561614
565616
569617
573619
577620
581622
585623
589625
593626
597628
601629
605630
609632
613633
617635
621636
625638
629639
633641
637642
641644
645645
649647
653648
657650
661651
665653
669654
673656
677657
681659
685660
689662
693663
697665
701666
705668
709669
713671
717672
721674
725675
729677
733678
737680
741681
745683
749684
753686
757687
761689
765690
771398
775400
779401
783403
787404
791406
795407
799409
803410
807412
811413
815415
819416
825124
829126
833127
837129
841130
845132
849133
853135
857136
861138
865139
869141
873142
877144
881145
885147
889148
893150
897151
901153
905154
909156
913157
917159
921160
925161
929163
933164
937166
941167
945169
949170
953172
957173
961175
965176
969178
973179
977181
981182
985184
989185
993187
997188
1001190
1005191
1010899
1014901
1018902
1022904
1026905
1030907
1034908
1038910
1042911
1049488
1053490
1057491
1061493
1065494
1072072
1076073
1080075
1084076
1088078
1092079
1096080
1100082
1104083
1108085
1112086
1116088
1120089
1124091
1128092
1132094
1136095
1140097
1144098
1148100
1152101
1156103
1160104
1164106
1168107
1172109
1176110
1180112
1184113
1188115
1192116
1197824
1201826
1205827
1209829
1213830
1217832
1221833
1225835
1229836
1233838
1237839
1241841
1245842
1249844
1255552
1259553
1263555
1267556
1274102
1278104
1282105
1286107
1290108
1294110
1298111
1302113
1306114
1310116
1314117
1318119
1322120
1328697
1332699
1336700
1340702
1344703
1348705
1352706
1356708
1360709
1364711
1368712
1372714
1376715
1380717
1384718
1388720
1392721
1396723
1400724
1404726
1408727
1414435
1418437
1422438
1426440
1430441
1434443
1438444
1442446
1446447
1450449
1454450
1458452
1462453
1466455
1470456
1474458
1478459
1482461
1486462
1493039
1497041
1501042
1505044
1509045
1513047
1517048
1521050
1525051
1529053
1533054
1539631
1543633
1547634
1551636
1555637
1559639
1563640
1567642
1574188
1578189
1582190
1586192
1590193
1594195
1598196
1602198
1606199
1610201
1614202
1618204
1622205
1626207
1630208
1634210
1638211
1642213
1646214
1652791
1656793
1662501
1666503
1670504
1674506
1678507
1682509
1689054
1693056
1697057
1701059
1705060
1709062
1713063
1717065
1721066
1725068
1729069
1733071
1737072
1741074
1747651
1751652
1755654
1759655
1763657
1767658
1774204
1778206
1782207
1786209
1790210
1794212
1798213
1802215
1806216
1810218
1814219
1818221
1822222
1826224
1830225
1834227
1838228
1842230
1846231
1850233
1854234
1858236
1863944
1867945
1871947
1875948
1879950
1883951
1887953
1891954
1895956
1899957
1903959
1907960
1911962
1915963
1919965
1923966
1927968
1931969
1935971
1939972
1946518
1950519
1954521
1958522
1962524
1966525
1970527
1974528
1978530
1982531
1986533
1990534
1994536
1998537
2002539
2006540
2010542
2014543
2018545
2022546
2026548
2030549
2034551
2038552
2042554
2046555
2050557
2054558
2058560
2062561
2066563
2070564
2074566
2078567
2082569
2086570
2090572
2094573
2098575
2102576
2106578
2110579
2114580
2118582
2122583
2126585
2130586
2134588
2140296
2144298
2152581
2156583
2160584
2167130
2171132
2175133
2179135
2183136
2187138
2191139
2195141
2199142
2205719
2209721
2213722
2217724
2221725
2225727
2229728
2233730
2237731
2241733
2245734
2249736
2253737
2257739
2261740
2265742
2269743
2273745
2277746
2281748
2285749
2289751
2293752
2297754
2301755
2305757
2309758
2313759
2317761
2321762
2325764
2329765
2333767
2337768
2343477
2347478
2351480
2355481
2361189
2365191
2369192
2373194
2377195
2381197
2385198
2389200
2393201
2397203
2402911
2406912
2410914
2414915
2421492
2425494
2429495
2433497
2437498
2441500
2445501
2449503
2453504
2457506
2461507
2465509
2469510
2473512
2477513
2481515
2485516
2489518
2493519
2497521
2501522
2505524
2509525
2513527
2517528
2521530
2525531
2529533
2533534
2537536
2541537
2545538
2549540
2553541
2559250
2564958
2570666
2574667
2578669
2582670
2586672
2590673
2594675
2598676
2602678
2606679
2610681
2614682
2621259
2625261
2629262
2633264
2637265
2641267
2645268
2649270
2653271
2657273
2661274
2665276
2669277
2673279
2677280
2681282
2685283
2689285
2693286
2697288
2701289
2705291
2709292
2713294
2717295
2721297
2725298
2729300
2733301
2737303
2741304
2745306
2749307
2753309
2757310
2761312
2765313
2769315
2773316
2777318
2781319
2787896
2794442
2798444
2802445
2806446
2810448
2814449
2818451
2822452
2826454
2830455
2834457
2838458
2842460
2846461
2850463
2856171
2860173
2864174
2868175
2872177
2876178
2880180
2884181
2888183
2892184
2896186
2900187
2904189
2908190
2912192
2916193
2920195
2924196
2928198
2932199
2936201
2942778
2946779
2950781
2954782
2963904
2967905
2974483
2978484
2982486
2986487
2990489
2994490
2998491
3002493
3006494
3010496
3014497
3018499
3022500
3026502
3030503
3034505
3038506
3042508
3046509
3050511
3054512
3058514
3062515
3066517
3070518
3074520
3078521
3082523
3089069
3095615
3099616
3103618
3107619
3111621
3115622
3119624
3123625
3127627
3131628
3135629
3139631
3143632
3147634
3151635
3155637
3159638
3163640
3170217
3174219
3178220
3182222
3186223
3190224
3194226
3198227
3202229
3206230
3210232
3214233
3218235
3222236
3226238
3230239
3234241
3238242
3242244
3246245
3250247
3254248
3258250
3262251
3266253
3270254
3274256
3278257
3283965
3287967
3291968
3295970
3299971
3303973
3307974
3311976
3315977
3319979
3323980
3327982
3331983
3335985
3339986
3343988
3347989
3351991
3355992
3359994
3363995
3367997
3371998
3376000
3380001
3384003
3388004
3392006
3396007
3400009
3404010
3408012
3412013
3416015
3420016
3424018
3428019
3432021
3436022
3440024
3446601
3450602
3456310
3460312
3464313
3468315
3472316
3476318
3480319
3486865
3490867
3494868
3498870
3505447
3509448
3513450
3517451
3521453
3525454
3529456
3533457
3537459
3541460
3545462
3549463
3555171
3561717
3565719
3569720
3573722
3577723
3581725
3585726
3589728
3593729
3597731
3601732
3605734
3609735
3613736
3617738
3621739
3625741
3629742
3633744
3637745
3641747
3645748
3649750
3653751
3657753
3661754
3665756
3669757
3673759
3677760
3681762
3685763
3689765
3693766
3697768
3701769
3705771
3709772
3716349
3720351
3724352
3728354
3732355
3736357
3740358
3746904
3750906
3757483
3761484
3765486
3769487
3773489
3777490
3781492
3788069
3792070
3796072
3800073
3806650
3810652
3814653
3818655
3822656
3826658
3830659
3834661
3838662
3842664
3846665
3850667
3854668
3858670
3862671
3866673
3870674
3874676
3878677
3882679
3886680
3890682
3894683
3901229
3905231
3909232
3913234
3917235
3922943
3926945
3930946
3934948
3938949
3942951
3946952
3950954
3954955
3958957
3962958
3966960
3970961
3974963
3978964
3982966
3986967
3990969
3994970
3998972
4002973
4006975
4010976
4014978
4018979
4022981
4026982
4030983
4034985
4038986
4042988
4046989
4050991
4054992
4058994
4062995
4066997
4070998
4075000
4079001
4083003
4087004
4091006
4095007
4099009
4103010
4107012
4111013
4115015
4119016
4123018
4127019
4131021
4135022
4139024
4143025
4147027
4151028
4155030
4159031
4163033
4167034
4171036
4175037
4180745
4184747
4188748
4192750
4196751
4200753
4204754
4208756
4212757
4216759
4220760
4224762
4228763
4232765
4236766
4240768
4244769
4248771
4252772
4256774
4260775
4264777
4268778
4272780
4276781
4280783
4284784
4288786
4292787
4296788
4300790
4304791
4308793
4312794
4316796
4320797
4324799
4328800
4332802
4336803
4340805
4344806
4348808
4352809
4356811
4360812
4364814
4368815
4372817
4376818
4380820
4384821
4388823
4392824
4396826
4400827
4404829
4408830
4412832
4416833
4420835
4424836
4428838
4432839
4436841
4440842
4444844
4448845
4452847
4456848
4460850
4464851
4468853
4472854
4476856
4480857
4484859
4488860
4492861
4496863
4500864
4504866
4508867
4512869
4516870
4520872
4524873
4528875
4532876
4536878
4543455
4547456
4551458
4555459
4559461
4563462
4567464
4571465
4575467
4579468
4583470
4587471
4591473
4595474
4599476
4603477
4607479
4611480
4618057
4622059
4626060
4630062
4634063
4638065
4642066
4646068
4650069
4654071
4658072
4663780
4667782
4671783
4675785
4682362
4686364
4690365
4694367
4698368
4702370
4706371
4710373
4714374
4718376
4722377
4726378
4730380
4734381
4738383
4742384
4746386
4750387
4754389
4758390
4762392
4766393
4770395
4774396
4778398
4782399
4786401
4790402
4794404
4798405
4802407
4806408
4810410
4814411
4818413
4822414
4826416
4830417
4836125
4840127
4844128
4848130
4852131
4856133
4860134
4864136
4868137
4872139
4876140
4880142
4884143
4888145
4892146
4896148
4900149
4904151
4908152
4912154
4916155
4920157
4924158
4928160
4932161
4936163
4940164
4944166
4948167
4952169
4956170
4960172
4964173
4968175
4972176
4976178
4980179
4984180
4988182
4992183
4996185
5000186
5004188
5008189
5012191
5016192
5020194
5024195
5028197
5032198
5036200
5040201
5044203
5048204
5052206
5056207
5060209
5064210
5068212
5072213
5076215
5080216
5084218
5088219
5094765
5098767
5102768
5106770
5110771
5114773
5118774
5122776
5126777
5130779
5136487
5140488
5144490
5148491
5155068
5159070
5163071
5167073
5171074
5175076
5179077
5183079
5187080
5193657
5197659
5201660
5205662
5209663
5213665
5217666
5221668
5225669
5229671
5233672
5237674
5241675
5245677
5249678
5253680
5257681
5261683
5265684
5269686
5273687
5277689
5281690
5285692
5289693
5293695
5297696
5301698
5305699
5309701
5313702
5317703
5321705
5325706
5329708
5333709
5337711
5341712
5348290
5352291
5356293
5360294
5364296
5368297
5372299
5376300
5380301
5384303
5388304
5394850
5398852
5402853
5406855
5410856
5414858
5421404
5425405
5429407
5433408
5437410
5441411
5445413
5449414
5453416
5457417
5461419
5465420
5469422
5475130
5479131
5483133
5487134
5491136
5495137
5499139
5503140
5507142
5511143
5515145
5519146
5523148
5527149
5531151
5535152
5539154
5543155
5547157
5551158
5555160
5559161
5563163
5567164
5573710
5577711
5581713
5585714
5589716
5593717
5597719
5601720
5605722
5609723
5613725
5617726
5621728
5625729
5629731
5633732
5637734
5641735
5645737
5649738
5653740
5657741
5661743
5665744
5669746
5673747
5677749
5681750
5685752
5689753
5693755
5697756
5701758
5705759
5709761
5713762
5717764
5723472
5727473
5731475
5735476
5739478
5743479
5747481
5751482
5755484
5759485
5763487
5767488
5771490
5775491
5779493
5783494
5787496
5791497
5795498
5799500
5803501
5807503
5811504
5815506
5819507
5823509
5827510
5831512
5835513
5839515
5843516
5847518
5851519
5855521
5859522
5863524
5867525
5871527
5875528
5879530
5883531
5887533
5891534
5895536
5899537
5903539
5910116
5914117
5918119
5922120
5926122
5930123
5936700
5940702
5944703
5948705
5952706
5956708
5963285
5967286
5971288
5975289
5979291
5983292
5987294
5991295
5995297
5999298
6003300
6007301
6013847
6017849
6021850
6025852
6029853
6033855
6037856
6041858
6045859
6049861
6053862
6057864
6064441
6068442
6072444
6076445
6080447
6084448
6088450
6092451
6096453
6100454
6107031
6111033
6115034
6119036
6123037
6127039
6131040
6136748
6140750
6144751
6148753
6152754
6156756
6160757
6164759
6168760
6172762
6176763
6180765
6184766
6188768
6192769
6196771
6200772
6204774
6208775
6212777
6216778
6220780
6224781
6228783
6232784
6236786
6240787
6244789
6248790
6252792
6256793
6260795
6264796
6268798
6272799
6276801
6280802
6284804
6288805
6292807
6296808
6300809
6304811
6308812
6312814
6316815
6320817
6324818
6328820
6332821
6336823
6340824
6344826
6348827
6352829
6356830
6360832
6364833
6368835
6372836
6376838
6380839
6384841
6388842
6395419
6399421
6403422
6407424
6411425
6415427
6419428
6423430
6427431
6433139
6439685
6443687
6447688
6453396
6457398
6461399
6465401
6469402
6473404
6477405
6481407
6485408
6489410
6495118
6501664
6505665
6509667
6513668
6517670
6524247
6528248
6532250
6536251
6540253
6544254
6548256
6554833
6558835
6562836
6566838
6570839
6574841
6578842
6582843
6586845
6590846
6594848
6598849
6602851
6606852
6610854
6614855
6618857
6622858
6626860
6630861
6634863
6638864
6642866
6646867
6650869
6654870
6658872
6662873
6666875
6670876
6674878
6678879
6682881
6686882
6690884
6694885
6698887
6702888
6706890
6710891
6714893
6718894
6722896
6726897
6730899
6734900
6738902
6742903
6746905
6753450
6757452
6761453
6765455
6769456
6773458
6779166
6783168
6787169
6791171
6795172
6799174
6803175
6807177
6811178
6815179
6819181
6823182
6828891
6832892
6836894
6840895
6844897
6848898
6852900
6856901
6860903
6864904
6868906
6872907
6876908
6880910
6884911
6890620
6894621
6898623
6902624
6906626
6910627
6914629
6918630
6922632
6926633
6930634
6934636
6941182
6945183
6949185
6953186
6957188
6961189
6965191
6969192
6973194
6977195
6983741
6987743
6991744
6995746
6999747
7005455
7009457
7013458
7017460
7024037
7028038
7032040
7036041
7040043
7044044
7048046
7052047
7056049
7062595
7066596
7070598
7074599
7078601
7085178
7089179
7093181
7097182
7101184
7105185
7110893
7117471
7121472
7125473
7129475
7133476
7137478
7141479
7145481
7149482
7156060
7160061
7164063
7168064
7172066
7176067
7180068
7184070
7188071
7192073
7196074
7202620
7206622
7210623
7214625
7218626
7222628
7226629
7230631
7234632
7238634
7245211
7249212
7253214
7257215
7261217
7265218
7269220
7273221
7277223
7281224
7285226
7289227
7293229
7297230
7301232
7305233
7309235
7313236
7319813
7323815
7327816
7331818
7338364
7342365
7346367
7350368
7354370
7358371
7362373
7366374
7370376
7374377
7378379
7382380
7386382
7390383
7394385
7398386
7402388
7406389
7410391
7414392
7418394
7422395
7426396
7430398
7434399
7438401
7444947
7448948
7452950
7456951
7460953
7464954
7468956
7472957
7476959
7480960
7484962
7488963
7492965
7496966
7500968
7504969
7510677
7514679
7518680
7522682
7526683
7530685
7534686
7538688
7542689
7546691
7550692
7554694
7558695
7562697
7566698
7570700
7574701
7578703
7582704
7586706
7590707
7594709
7598710
7602712
7606713
7610715
7614716
7618718
7622719
7626721
7630722
7634724
7638725
7642727
7646728
7650729
7654731
7658732
7662734
7666735
7670737
7674738
7681316
7685317
7691863
7695864
7699866
7703867
7707869
7711870
7715872
7719873
7723875
7727876
7731878
7735879
7739881
7743882
7747884
7751885
7755887
7759888
7763890
7767891
7771893
7775894
7779896
7783897
7787899
7791900
7795902
7799903
7803905
7807906
7811908
7815909
7819911
7823912
7827914
7831915
7835917
7839918
7843920
7847921
7851923
7855924
7859926
7863927
7867929
7871930
7878476
7882477
7886479
7890480
7894482
7898483
7905029
7909031
7913032
7917034
7922742
7926743
7930745
7934746
7938748
7942749
7946751
7950752
7954754
7958755
7962757
7966758
7970760
7974761
7978763
7982764
7986766
7993343
7997344
8001346
8007054
8011055
8015057
8020765
8024767
8028768
8032770
8036771
8040772
8044774
8048775
8052777
8056778
8060780
8064781
8068783
8072784
8076786
8080787
8084789
8088790
8092792
8096793
8100795
8104796
8108798
8114506
8118507
8122509
8126510
8130512
8134513
8138515
8142516
8146518
8150519
8154521
8158522
8162524
8166525
8170527
8174528
8178530
8182531
8186533
8190534
8194536
8198537
8202539
8206540
8210542
8214543
8218545
8222546
8226548
8230549
8234551
8238552
8242554
8246555
8250557
8254558
8258560
8262561
8266563
8270564
8274566
8278567
8282569
8286570
8290572
8294573
8298575
8302576
8306577
8310579
8314580
8318582
8322583
8326585
8330586
8334588
8338589
8342591
8346592
8353138
8357140
8361141
8365143
8369144
8373146
8377147
8381149
8385150
8389152
8393153
8397155
8401156
8407733
8411735
8415736
8419738
8423739
8427741
8431742
8435744
8439745
8443747
8447748
8453456
8457458
8461459
8465461
8469462
8473464
8477465
8481467
8485468
8489470
8493471
8497473
8501474
8505476
8512053
8516054
8520056
8524057
8528059
8533767
8537768
8541770
8545771
8549773
8553774
8557776
8561777
8565779
8569780
8573782
8577783
8581785
8585786
8589788
8593789
8597791
8601792
8605794
8609795
8613797
8617798
8621800
8625801
8629803
8633804
8637806
8641807
8645809
8649810
8653812
8657813
8661815
8665816
8669818
8673819
8677821
8681822
8685824
8689825
8693827
8697828
8701829
8705831
8709832
8713834
8717835
8721837
8725838
8729840
8733841
8737843
8741844
8745846
8749847
8753849
8757850
8761852
8765853
8769855
8773856
8777858
8781859
8785861
8789862
8793864
8797865
8801867
8805868
8809870
8813871
8817873
8821874
8825876
8829877
8833879
8837880
8841882
8845883
8849885
8853886
8857888
8861889
8865891
8869892
8873894
8877895
8881897
8885898
8889900
8893901
8897903
8901904
8905905
8909907
8913908
8917910
8921911
8925913
8929914
8933916
8937917
8941919
8945920
8949922
8953923
8957925
8961926
8965928
8969929
8973931
8977932
8981934
8985935
8989937
8993938
8997940
9001941
9005943
9009944
9013946
9017947
9021949
9028495
9032496
9036498
9040499
9044501
9048502
9052504
9056505
9060507
9064508
9068509
9072511
9076512
9080514
9084515
9088517
9092518
9096520
9100521
9104523
9108524
9115070
9119072
9123073
9127075
9131076
9135078
9139079
9143081
9147082
9151084
9155085
9159087
9163088
9167090
9173667
9177668
9184245
9188247
9192248
9196250
9200251
9204253
9208254
9212256
9216257
9220259
9224260
9228262
9232263
9236265
9240266
9244268
9248269
9252271
9256272
9260274
9264275
9268277
9272278
9276280
9280281
9284283
9288284
9292286
9296287
9300289
9304290
9308292
9312293
9320577
9324578
9328580
9332581
9336583
9340584
9344586
9348587
9352589
9356590
9360592
9364593
9368595
9372596
9376598
9383175
9387176
9391178
9395179
9399181
9403182
9407184
9411185
9415187
9419188
9423190
9427191
9431193
9435194
9441771
9445773
9449774
9453776
9457777
9461779
9465780
9469782
9473783
9477785
9481786
9485788
9489789
9496335
9500337
9506914
9510915
9514917
9518918
9522920
9526921
9530923
9534924
9538926
9542927
9546929
9550930
9554932
9558933
9562935
9566936
9570938
9574939
9578941
9582942
9586944
9590945
9594946
9598948
9602949
9606951
9610952
9614954
9618955
9622957
9626958
9630960
9634961
9638963
9642964
9646966
9650967
9654969
9658970
9662972
9669549
9673550
9677552
9681553
9685555
9692101
9696102
9700104
9704105
9708107
9712108
9716110
9720111
9728395
9732397
9736398
9740399
9744401
9748402
9752404
9756405
9760407
9764408
9768410
9772411
9778989
9782990
9786992
9790993
9794994
9798996
9802997
9806999
9811000
9815002
9819003
9823005
9827006
9831008
9835009
9839011
9843012
9847014
9851015
9855017
9859018
9863020
9867021
9872729
9878438
9882439
9886441
9890442
9894444
9898445
9902447
9906448
9910449
9914451
9918452
9922454
9926455
9930457
9934458
9938460
9942461
9946463
9950464
9954466
9958467
9962469
9966470
9970472
9974473
9978475
9982476
9986478
9990479
9994481
9998482
